    6,35    5,95    5,06    4,65    3,44    3,93    2,37    2,81    2,01    2,08    1,84    1,69    1,47    1,65     1,4    1,53    2,94    2,47    3,35       3    3,46    3,59    3,91     4,4    4,54    5,35     4,5    5,54    4,35    5,34
   9 051   9 177  10 531  10 923  11 120  10 189  11 249  10 609  10 970  10 333  11 324  10 474  11 280  10 711  11 512  10 877  11 704  11 244  11 756  11 244  11 517  10 973  12 058  11 369  10 324   9 282  10 660   9 568  10 815   9 452
     575     546     533     508     382     400     267     298     220     215     208     177     166     177     161     166     344     278     394     337     399     394     472     500     469     497     480     530     470     505
    3,62    3,96    3,58    3,66    2,54    3,43    2,47    3,29    1,73    2,44    1,53    2,19     1,4    1,72    1,75       2    4,03    3,97    4,52    4,69    5,24    5,97    5,15    5,83    5,81    6,36    6,43    6,91    5,11    6,17
  33 274  31 919  26 862  28 491  28 610  25 810  28 100  26 707  27 625  26 239  28 546  26 639  28 388  27 264  29 000  27 612  29 622  28 551  29 945  28 768  29 547  28 282  30 940  29 399  29 014  28 554  29 187  28 549  29 747  28 261
   1 205   1 265     963   1 042     726     886     694     878     477     639     437     584     397     469     507     553   1 194   1 133   1 355   1 348   1 548   1 688   1 592   1 714   1 685   1 816   1 878   1 973   1 519   1 745
    4,44    3,86    3,14    3,18    2,97    3,25    2,69    2,93    2,04    2,15    1,56    2,01    1,52    1,63    1,57    1,94    3,57     3,2    3,84    3,75    4,43    4,89    5,25    5,93    5,58    6,25    5,48    6,29    5,04    6,42
  12 596  13 817  15 199  15 638  15 622  14 425  16 104  14 934  15 894  14 709  16 398  14 939  16 308  15 294  16 666  15 496  16 998  16 032  17 131  16 113  16 834  15 721  17 629  16 354  16 770  15 769  16 772  15 685  17 015  15 478
     559     534     478     497     464     469     433     437     324     316     256     300     248     249     262     300     606     513     657     605     746     769     926     970     935     986     919     987     857     993
    3,68    4,59    3,32    3,96    2,49    3,26    2,04    2,55    1,55    2,01    1,47    1,94    1,41    1,81    1,66    1,85    3,59    3,18    3,56     3,6    4,15    4,59    4,38    4,97    5,45    5,97    4,92    6,08    4,64    5,68
  26 839  23 946  24 576  25 946  25 944  23 496  26 451  24 758  25 917  24 186  26 801  24 591  26 739  25 238  27 362  25 611  27 921  26 499  28 213  26 659  27 585  25 953  28 905  26 999  26 141  25 026  25 850  24 539  26 207  24 287
     988   1 098     816   1 028     645     765     540     632     401     486     394     477     376     457     455     474   1 001     843   1 005     960   1 144   1 191   1 266   1 341   1 425   1 495   1 273   1 493   1 215   1 380
     4,5    4,49    4,63    4,67    3,02    4,31    3,05    3,54    2,48    2,21     1,9    2,33    1,65     1,8    2,01    2,11    4,18    3,51    4,09    3,88    4,83    5,13    5,06    4,82    5,65    5,75    4,97    5,64    4,34    5,01
  44 670  49 081  35 437  38 867  39 309  34 597  37 026  37 763  36 469  37 022  37 583  37 447  37 348  38 298  38 144  38 773  38 858  40 082  39 349  40 330  38 545  39 342  40 433  40 886  36 986  35 936  36 702  35 233  37 081  34 768
   2 011   2 206   1 640   1 817   1 186   1 492   1 128   1 335     906     819     713     871     618     689     765     818   1 623   1 408   1 609   1 565   1 861   2 020   2 044   1 969   2 089   2 067   1 824   1 987   1 611   1 742
   12,93   14,28    9,04   11,31    6,46    6,72    5,26    6,81    4,21     5,6    2,93    4,67    2,72    4,45    4,44    5,04    8,39    7,57    7,03    7,99    6,52    8,54    7,59   10,05    6,75    7,77    6,67    8,35    4,89    7,23
  18 564  15 957  18 155  16 816  18 346  18 709  18 320  14 978  17 883  14 453  18 308  14 621  18 155  14 909  18 470  15 021  18 914  15 522  19 737  15 941  19 226  15 640  19 844  16 094  20 231  17 480  20 128  16 808  20 290  16 480
   2 400   2 278   1 642   1 902   1 186   1 257     963   1 020     752     809     536     683     494     664     820     757   1 586   1 175   1 388   1 274   1 254   1 336   1 506   1 618   1 365   1 359   1 342   1 404     992   1 191
    6,85    7,94    6,18    6,46    5,97    5,72    4,11    4,76    3,43    3,59    2,83    3,47    2,22    2,81    2,59    3,01    5,79    5,54    5,78    6,17     6,8    7,44    6,82    7,17    8,25    7,31    7,14    7,71    5,15    6,19
  15 232  12 936  14 993  14 378  14 928  14 655  16 011  13 553  15 662  13 254  16 041  13 359  15 969  13 618  16 241  13 772  16 584  14 242  16 892  14 381  16 624  14 161  17 389  14 715  17 046  15 002  16 928  14 509  17 176  14 390
   1 044   1 027     927     929     891     838     658     645     537     476     454     464     355     383     421     414     961     789     976     888   1 131   1 054   1 186   1 055   1 406   1 097   1 209   1 119     885     891
    8,02    8,31    7,91     7,2    4,55    4,51    3,25    4,56    2,83    3,81    2,79    3,65    2,42    3,03    1,96    2,84    4,96    5,15    5,26    6,25    5,41    7,29    6,04    7,67    5,89    6,77    5,43    7,15    4,53    6,86
  14 023  11 898  14 038  13 139  13 878  13 775  14 772  12 140  14 364  11 841  14 772  12 023  14 767  12 322  15 069  12 450  15 334  12 827  15 547  12 974  15 334  12 804  16 051  13 342  18 843  16 385  19 103  16 014  19 370  15 871
   1 124     989   1 110     946     631     621     480     553     407     451     412     439     358     373     295     354     761     661     817     811     830     933     970   1 023   1 109   1 110   1 038   1 145     878   1 089
   17,74   17,38   14,29   14,11      12   12,22    7,82   11,07    6,34    8,62    5,23    7,81     4,3    6,82    3,91    6,39    8,36   10,42    9,78   12,51   10,05   13,51   11,35   14,89   10,34   13,51    8,77   12,19    7,25    10,7
  31 123  27 299  30 833  28 218  33 326  27 092  33 449  25 673  31 442  25 965  31 622  25 880  32 334  25 524  32 585  25 757  32 260  26 717  32 858  26 945  32 946  27 313  33 148  27 786  34 337  28 840  34 369  29 202  33 880  28 438
   5 520   4 744   4 406   3 981   4 000   3 311   2 615   2 842   1 992   2 239   1 655   2 020   1 391   1 741   1 275   1 646   2 696   2 783   3 215   3 371   3 311   3 690   3 761   4 137   3 550   3 895   3 014   3 560   2 456   3 043
   19,72   20,46   17,46   14,85   10,78   11,62    6,55    9,68    5,59    7,94    3,73    6,01    2,64    4,46    2,31     3,5    5,77    6,63    5,43    7,36    5,46    7,82    6,05    8,61    5,51    8,27    4,43    6,64    3,95    6,38
  25 623  18 664  25 611  23 000  27 606  22 034  27 573  21 012  25 617  20 977  25 596  20 805  26 203  20 461  26 114  20 801  26 091  21 337  26 438  21 161  26 085  21 220  26 071  21 438  27 344  22 329  26 799  22 288  26 534  21 808
   5 052   3 819   4 471   3 415   2 977   2 561   1 807   2 035   1 431   1 665     954   1 251     691     912     602     729   1 505   1 415   1 436   1 557   1 424   1 660   1 577   1 845   1 507   1 847   1 188   1 479   1 048   1 392
   14,58   14,47   13,63   13,64   12,47   13,25    9,75   14,11    7,08   10,12    4,97    6,27    3,83     6,4    3,47    4,91    7,44    7,91    7,14    8,81    8,26   10,95    8,38   10,06    8,67   10,22    7,05    8,88    5,45     7,4
  12 814  10 902  12 446  10 895  12 585  10 450  12 827  10 246  13 194  10 696  13 240  10 507  13 445  10 084  13 410  10 194  13 406  10 544  13 665  10 463  13 515  10 483  13 596  10 671  13 096  10 427  13 004  10 475  12 827  10 246
   1 868   1 577   1 697   1 486   1 569   1 385   1 251   1 446     934   1 082     658     659     515     645     465     501     998     834     976     922   1 116   1 148   1 140   1 073   1 135   1 066     917     930     699     758
   11,65   10,25   10,58    8,07    8,66    7,87    8,32    7,31    5,16    5,84    4,09    4,53    3,49    4,03    3,77    4,92    7,97     7,6    6,97       7    7,95    8,89     8,4    8,58     9,1    9,84    7,27    7,79    4,94    6,77
  17 308  14 659  16 555  15 134  16 741  13 226  14 453  14 445  17 702  14 758  18 038  14 917  18 514  14 727  18 576  15 121  18 665  15 771  19 081  15 907  18 899  15 737  18 818  15 820  17 292  14 345  17 503  14 682  17 327  14 334
   2 017   1 503   1 751   1 222   1 449   1 041   1 202   1 056     914     862     738     675     646     593     701     744   1 487   1 199   1 329   1 114   1 503   1 399   1 581   1 358   1 574   1 411   1 273   1 143     856     970
   16,68    18,1   11,81   12,02      11      12     9,2   12,18    8,65   10,77    5,39    7,91    4,52    7,33    5,21    7,54   12,72   13,33    9,96   12,11    9,87   12,15   10,88   12,82   11,02   14,32    9,85   12,96    8,34   10,29
  17 566  13 861  16 464  14 818  17 169  14 177  17 299  13 780  17 223  14 185  17 541  14 172  17 967  14 000  17 826  14 225  17 983  14 754  18 953  15 156  18 726  15 357  18 458  15 265  17 845  14 262  17 709  14 363  17 406  14 015
   2 930   2 509   1 945   1 781   1 889   1 701   1 591   1 679   1 489   1 528     946   1 121     812   1 026     929   1 072   2 288   1 966   1 888   1 835   1 848   1 866   2 008   1 957   1 967   2 042   1 745   1 862   1 451   1 442
   14,19   14,53   12,36   10,56   10,54     9,6    8,61    9,43     7,5    8,97    4,71    6,58    3,78     4,6     4,9    5,97   11,02   12,18    8,46    9,12    8,01    8,92    8,58    8,79    8,91    8,83    8,21    8,34    5,75    6,55
  13 639  10 711  12 824  11 732  13 419  10 709  12 840  10 816  13 411  11 094  13 621  11 179  13 978  11 030  13 922  11 268  13 988  11 607  14 638  12 038  14 378  11 889  14 159  11 777  13 666  11 073  13 514  10 936  13 418  10 698
   1 936   1 556   1 585   1 239   1 414   1 028   1 106   1 020   1 006     995     641     736     528     507     682     673   1 542   1 414   1 238   1 098   1 151   1 061   1 215   1 035   1 217     978   1 109     912     772     701
   12,58   12,87   12,38   11,78   10,11   11,63    6,96     8,5    5,58    6,83    3,61    4,76    2,77    4,19    3,01    3,96    6,22    6,27    5,64    6,78    6,26    8,61    6,84    8,43     5,8    7,87    5,49    7,57    4,75    6,47
  34 931  30 136  34 242  31 088  35 143  28 564  32 905  29 918  36 260  30 050  36 692  29 671  37 657  29 170  37 600  29 834  37 749  30 932  38 498  30 798  37 761  30 687  37 650  31 143  36 111  29 836  36 282  30 543  35 936  29 859
   4 393   3 880   4 240   3 663   3 553   3 321   2 290   2 544   2 022   2 051   1 323   1 411   1 042   1 222   1 132   1 180   2 348   1 938   2 171   2 088   2 362   2 642   2 574   2 626   2 093   2 348   1 992   2 311   1 707   1 931
   20,55    14,4   20,18   11,72   16,78   10,46   10,04       9    9,63    8,46     6,4    6,02    5,06    4,93     5,6    4,87   11,39    7,76    9,97    8,58   10,74    9,17   13,37   10,91   12,02   11,03    10,5    9,89    8,17    8,07
  10 562   8 744  10 453   9 525  11 321   9 258  11 515   8 787  10 374   8 716  10 194   8 369  10 149   8 612  10 046   8 467   9 932   8 539  10 058   8 460  10 182   8 482  10 308   8 280  10 758   8 292  10 787   8 258  10 677   8 523
   2 170   1 259   2 109   1 116   1 900     968   1 156     791     999     737     652     504     514     425     563     412   1 131     663   1 003     726   1 094     778   1 378     903   1 293     915   1 133     817     872     688
    7,74    7,71    6,69    5,26    6,75    6,02    5,47    5,47    3,55    4,87    2,53    4,24    1,81    3,81    2,69    4,04    9,56    8,05    6,17    7,42     6,6    8,17    8,04   11,11    7,71   10,77    6,94    9,13    5,45    7,06
  15 833  13 524  16 373  14 982  15 513  13 506  15 847  13 671  16 893  13 746  17 022  13 327  17 176  13 920  16 968  13 535  17 150  13 947  17 516  13 984  17 397  13 930  17 614  13 544  17 219  13 718  17 241  13 898  17 182  14 287
   1 226   1 043   1 095     788   1 047     813     867     748     599     670     430     565     311     531     456     547   1 640   1 123   1 081   1 037   1 148   1 138   1 416   1 505   1 328   1 477   1 197   1 269     936   1 008
   16,02   15,56   10,52    10,8    8,95    9,19    6,84    8,75    5,92    6,77    4,27    5,22    3,98     4,3    4,03    4,56   12,88   12,48    8,85    8,65     7,7    8,73    8,47    8,72    8,34    9,12    7,61    7,91    6,01    6,41
   7 742   6 484   7 783   6 934   7 594   6 855   8 405   6 276   7 675   6 231   7 773   5 999   7 859   6 181   7 693   6 048   7 819   6 139   7 975   6 276   8 034   6 269   8 005   5 984   7 658   5 963   7 626   5 918   7 600   6 134
   1 240   1 009     819     749     680     630     575     549     454     422     332     313     313     266     310     276   1 007     766     706     543     619     547     678     522     639     544     580     468     457     393
   13,63   12,43   13,68   12,01   12,07   10,47    9,01   10,75    5,41    6,23    4,32    5,28    3,48    4,41    4,14    5,29   10,06    9,04    7,48    7,83    7,51    8,62    8,11    9,73    7,74    9,53    7,01    8,58    5,67    7,14
  16 554  15 232  16 774  14 923  16 516  14 672  16 532  14 077  17 746  14 031  17 648  13 381  17 744  13 591  17 482  13 285  17 715  13 654  17 892  13 756  17 917  13 595  18 056  13 200  18 205  14 058  17 867  13 770  17 853  14 240
   2 256   1 893   2 294   1 792   1 994   1 536   1 489   1 513     960     874     763     706     618     600     723     703   1 783   1 234   1 338   1 077   1 345   1 172   1 465   1 284   1 409   1 340   1 253   1 181   1 012   1 017
   21,04   15,06   19,09   12,31   14,21   10,11   12,14   11,09   11,14   11,24    7,95     8,8    6,53    7,25    7,14    7,73   13,27   12,14   12,82   11,64   13,36   12,26   13,78   14,47   12,57   14,35   10,67   12,34    8,61    10,4
  13 490  11 074  12 995  11 878  14 223  11 675  14 469  10 966  12 779  10 999  12 758  10 727  12 666  10 994  12 468  10 763  12 309  10 798  12 562  10 876  12 751  10 907  12 986  10 591  13 059   9 978  13 130   9 990  12 946  10 164
   2 838   1 668   2 481   1 462   2 021   1 180   1 757   1 216   1 423   1 236   1 014     944     827     797     890     832   1 634   1 311   1 610   1 266   1 703   1 337   1 789   1 533   1 641   1 432   1 401   1 233   1 115   1 057
   15,27   14,69   15,15   13,46   12,58   12,97     7,8    9,89    7,58    9,57    4,96    8,04    4,31    6,66    5,45    8,04      14   12,97   12,03   13,08   11,96   13,47   11,71   13,89   10,87   12,38    9,78   11,51    7,33    8,98
  18 032  15 557  17 165  15 545  17 600  15 393  17 981  14 081  17 418  13 998  17 431  13 329  17 558  13 770  17 059  13 519  17 423  13 629  17 993  13 835  18 256  13 909  18 481  13 668  18 207  14 047  18 002  13 944  17 805  14 283
   2 753   2 286   2 601   2 092   2 214   1 996   1 402   1 392   1 321   1 340     864   1 071     757     917     930   1 087   2 440   1 767   2 165   1 809   2 184   1 873   2 164   1 898   1 980   1 739   1 760   1 605   1 305   1 283
   15,69   12,23    14,1   10,84   11,54    9,82    8,58   10,41    7,98    9,99    6,04    8,55    5,33    7,62    5,37    7,47   10,41   12,04   10,71   13,63    11,9   14,02   11,78   14,46    12,4   15,82   10,64   14,84    8,71   12,45
  36 952  33 130  36 727  34 062  37 847  32 112  37 539  31 348  37 243  31 517  37 556  30 945  37 969  31 990  37 039  31 537  37 617  31 860  37 534  31 790  38 250  32 443  39 183  31 647  38 801  30 180  38 826  30 020  38 700  31 007
   5 798   4 051   5 180   3 694   4 367   3 152   3 220   3 262   2 971   3 150   2 267   2 645   2 022   2 439   1 990   2 355   3 915   3 836   4 019   4 334   4 552   4 550   4 614   4 575   4 813   4 773   4 133   4 455   3 369   3 859
    13,2   10,49   10,83    7,98    9,48    8,19    6,95    6,73     4,8    5,34    3,55    4,22     3,5    4,26    3,75    4,15    8,91    7,78    6,92    8,28    6,69    7,97    6,84    10,3    7,32    9,37    6,06    8,57    4,89     6,7
  12 370  10 296  12 471  10 941  11 927  10 450  12 427   9 944  12 804  10 056  12 846   9 597  12 961   9 943  12 808   9 685  12 972   9 991  13 014   9 967  13 012   9 970  13 145   9 705  12 977   9 866  12 731   9 741  12 770  10 007
   1 633   1 080   1 351     873   1 131     856     864     669     614     537     456     405     454     424     480     402   1 156     777     901     825     871     795     899   1 000     950     924     772     835     625     670
    8,17    5,63    6,13    4,17    6,05    5,36     4,9       5    3,35    3,75    2,31    2,63    1,94    2,61    2,51    3,32    7,15    7,09       7    7,54    6,94    8,64    8,22   10,25    7,74   10,11    7,13    8,68    5,54    7,05
  27 852  24 651  29 614  27 362  28 220  23 901  29 373  25 756  30 361  26 076  30 770  25 321  31 028  26 155  30 857  25 649  31 142  26 479  31 049  26 286  31 419  26 500  31 996  25 870  31 267  24 790  31 288  24 855  31 221  25 675
   2 276   1 387   1 815   1 141   1 708   1 281   1 439   1 288   1 018     979     710     665     602     682     776     852   2 227   1 878   2 174   1 981   2 180   2 289   2 630   2 652   2 419   2 506   2 232   2 158   1 730   1 809
   25,56    27,9    25,7    26,1   21,14   21,74      13   14,61    9,38   10,08    7,79    9,17    6,41    8,57    7,14    10,2   13,89   16,56   15,11   17,95   15,42   20,25   17,18   21,66   15,83      20   13,55   17,85    11,4   15,45
  30 715  24 956  29 197  25 937  29 370  24 162  29 144  23 063  28 093  22 232  26 281  21 274  27 151  21 311  27 679  21 638  29 230  22 465  29 341  22 434  29 579  22 887  30 343  23 860  29 807  23 932  30 139  24 547  29 436  25 081
   7 851   6 962   7 503   6 770   6 209   5 253   3 790   3 369   2 636   2 241   2 046   1 951   1 741   1 826   1 975   2 207   4 061   3 720   4 434   4 028   4 560   4 635   5 213   5 167   4 717   4 787   4 085   4 381   3 355   3 874
   26,63   25,12   26,94   24,74    22,4   23,44   17,62   20,62   14,48   17,04   12,44   15,87    9,97    13,8    9,64   13,78   12,91   16,71   12,65   16,88   13,88   18,59   13,82   17,97   11,64   16,53   10,74   15,59    8,96   12,84
  31 885  28 378  30 969  28 212  32 345  25 305  30 193  25 888  31 059  26 015  29 474  25 626  30 267  25 601  30 684  25 837  32 134  26 351  31 482  25 604  31 042  25 366  31 722  26 203  31 543  24 970  31 123  25 086  30 462  25 624
   8 490   7 129   8 344   6 981   7 244   5 932   5 319   5 339   4 498   4 432   3 668   4 067   3 019   3 532   2 958   3 561   4 149   4 404   3 984   4 322   4 310   4 716   4 384   4 708   3 673   4 128   3 344   3 911   2 728   3 290
   18,76    16,9   16,42    14,6   15,22   15,54   12,01   12,33    8,13    9,46     5,4    6,32    3,56    4,39    3,93     4,8     7,6    7,84     7,1    8,06    8,22    9,99    9,42   11,54    8,56   10,63    7,75    9,75    6,26    8,58
  40 667  36 001  43 062  39 869  40 815  33 027  40 164  35 862  43 756  36 413  42 375  36 814  43 829  36 703  44 770  37 128  46 977  37 629  45 735  35 909  45 006  35 769  46 250  37 345  46 094  36 731  45 492  36 835  44 696  37 932
   7 628   6 085   7 070   5 822   6 212   5 132   4 825   4 422   3 557   3 443   2 289   2 328   1 559   1 611   1 759   1 781   3 568   2 951   3 249   2 894   3 700   3 572   4 358   4 311   3 945   3 906   3 525   3 592   2 796   3 255
   24,89   26,35    22,4   23,97   19,41   20,67   14,52   17,91   10,73   14,31    8,61   11,79     5,8    8,78    6,06    9,21   11,53   14,23   11,07   14,32   12,61   17,32   12,77   18,13    10,2   15,39    8,66   13,58    8,17   12,53
  38 877  34 536  39 704  35 959  39 444  32 925  39 439  31 911  39 316  31 597  37 501  31 132  38 643  31 025  39 442  31 425  40 959  31 388  40 436  30 711  40 244  30 806  41 303  32 302  40 288  31 797  40 166  32 196  38 869  32 564
   9 677   9 100   8 892   8 621   7 658   6 805   5 725   5 715   4 219   4 521   3 228   3 669   2 243   2 725   2 389   2 893   4 724   4 468   4 478   4 398   5 075   5 337   5 276   5 856   4 108   4 895   3 480   4 372   3 176   4 080
   21,53   23,61    19,3      22   16,35   18,93   12,51   16,16   10,54   15,97    7,96   12,66    6,22   10,09    5,17    9,19    8,09   12,06    7,96   13,01    8,98    15,8    8,95   14,82    7,34   12,94    6,61   10,95    5,74   10,68
  13 868  11 811  15 078  13 015  14 026  11 873  13 571  11 723  14 785  11 643  14 418  11 791  14 887  11 832  15 268  11 895  15 928  11 965  15 411  11 423  15 171  11 389  15 524  11 941  15 007  11 927  14 791  11 820  14 390  11 984
   2 986   2 788   2 910   2 863   2 293   2 247   1 698   1 895   1 559   1 859   1 148   1 493     926   1 194     790   1 093   1 289   1 443   1 227   1 486   1 363   1 800   1 389   1 770   1 102   1 543     977   1 294     826   1 280
   21,02   14,73    18,7   12,24   15,39   12,14   13,34   11,85    9,94   10,37    7,45    8,11    6,16    7,04    6,44     7,7    11,2   11,48   11,39   10,52   11,77   11,42   12,85   12,75   11,77   13,27   10,25   12,17    8,07   10,62
  20 304  17 385  19 894  17 816  19 166  14 869  18 108  15 553  19 509  15 938  18 923  16 298  19 598  16 536  20 027  16 823  20 979  17 111  20 722  16 547  20 575  16 436  21 024  16 873  21 758  16 387  21 422  16 463  21 057  17 107
   4 268   2 560   3 721   2 180   2 950   1 805   2 416   1 843   1 939   1 652   1 409   1 322   1 207   1 164   1 290   1 295   2 349   1 964   2 360   1 741   2 421   1 877   2 701   2 151   2 561   2 174   2 196   2 003   1 699   1 816
   27,66   24,09   27,54   26,34   22,21   23,45   14,23   17,81    9,91   12,68    6,51     9,2    5,37     6,8    5,48    8,86    9,84    13,8    9,22   11,78   10,09   13,45   11,69   15,37   10,04    13,8    8,66   12,77    7,37   10,23
  11 697  10 246  11 404   9 895  11 626   9 122  11 951   9 108  11 418   8 841  10 715   8 621  10 899   8 402  11 133   8 407  11 596   8 571  11 463   8 457  11 150   8 265  11 463   8 543  12 031   8 793  11 854   8 784  11 617   9 055
   3 235   2 468   3 141   2 606   2 582   2 139   1 701   1 622   1 132   1 121     698     793     585     571     610     745   1 141   1 183   1 057     996   1 125   1 112   1 340   1 313   1 208   1 213   1 027   1 122     856     926
   16,27   13,49   15,06   12,82   16,08    15,8   12,05   17,52    9,93   16,48    6,81   11,33    6,11    9,15    7,39   10,74   13,55   19,07   12,82   17,85   13,74   17,07   15,16    18,7   14,66   17,16   13,25   15,75   10,63   11,77
   8 752   6 940   7 999   6 980   7 850   6 293   7 977   5 895   7 823   5 911   7 829   5 695   8 042   5 791   7 938   5 728   8 318   5 810   8 560   5 917   8 274   6 056   8 527   5 947   8 522   6 164   8 450   6 084   8 523   5 906
   1 424     936   1 205     895   1 262     994     961   1 033     777     974     533     645     491     530     587     615   1 127   1 108   1 097   1 056   1 137   1 034   1 293   1 112   1 249   1 058   1 120     958     906     695
   18,08   16,14   15,78    13,8   11,97   11,88    8,11    14,4    6,58   13,48    4,79   10,34    3,95    7,27    4,42    8,27   10,05    12,6    9,46   13,27   10,29    15,2   11,14   17,12   12,02   16,04   10,94   14,33    8,44   12,47
  24 867  18 198  24 762  21 562  24 850  19 744  24 819  18 083  23 222  17 988  23 361  17 622  24 008  17 799  23 938  17 506  24 801  17 831  25 234  17 778  24 386  17 785  25 099  17 945  25 563  18 617  25 827  18 802  26 202  18 490
   4 497   2 938   3 908   2 976   2 974   2 345   2 013   2 604   1 527   2 425   1 119   1 822     949   1 294   1 059   1 447   2 492   2 247   2 388   2 359   2 509   2 704   2 797   3 073   3 073   2 987   2 825   2 695   2 211   2 305
   23,32   21,57   20,34   17,67   17,72   16,32    12,4   15,29   11,11   13,18    7,49   10,78    5,77    8,73    7,17   10,65   15,14   13,84   14,39   13,16   14,69   14,81   15,25   15,74   13,87   14,68   12,37   13,02    9,75    12,2
  10 122   7 869  10 224   9 442  10 912   8 590  10 459   8 255   9 883   7 983   9 934   7 703  10 162   7 787   9 961   7 668  10 343   7 896  10 726   7 832  10 461   7 754  10 703   7 717  11 105   8 202  11 022   8 339  11 109   8 187
   2 360   1 697   2 080   1 668   1 934   1 402   1 297   1 262   1 098   1 052     744     830     586     680     714     817   1 566   1 093   1 543   1 031   1 537   1 148   1 632   1 215   1 540   1 204   1 363   1 086   1 083     999
   20,01    20,6   19,12   18,42   13,52    17,1    9,71   17,76    8,64   16,37    6,31   12,86     5,7    9,34    6,63    9,99   12,07   15,32   10,99   14,01    11,9   14,74   13,83   17,04   13,28   15,53   11,75      13    8,71   11,72
   8 990   6 941   9 057   8 115   9 477   7 704   9 472   6 931   8 500   6 767   8 635   6 525   8 872   6 592   8 787   6 498   9 168   6 542   9 366   6 539   9 010   6 507   9 219   6 392   9 637   7 052   9 763   7 223   9 862   7 062
   1 799   1 430   1 732   1 495   1 281   1 317     920   1 231     734   1 108     545     839     506     616     583     649   1 107   1 002   1 029     916   1 072     959   1 275   1 089   1 280   1 095   1 147     939     859     828
   16,86   13,47   16,24   13,14   15,53   14,44   12,27    11,7    8,58   10,28     6,4    8,85    4,88    6,24    5,96     7,2    10,2   12,17   10,54   12,01   12,13   13,34   13,42   14,57   13,49    14,3   11,76    12,4    9,16    9,94
  19 682  17 654  19 691  18 371  20 325  15 663  18 106  17 144  20 066  16 752  20 306  16 377  20 927  16 889  20 957  16 551  21 536  17 085  21 772  17 023  21 075  17 013  21 844  16 915  20 013  15 513  20 192  16 053  20 347  15 600
   3 319   2 378   3 198   2 414   3 156   2 262   2 221   2 005   1 722   1 722   1 300   1 449   1 021   1 054   1 250   1 191   2 197   2 079   2 294   2 045   2 557   2 270   2 932   2 465   2 700   2 218   2 374   1 991   1 863   1 551
   16,67    15,6   16,86   14,18   13,19   13,73   10,81   12,33    7,88    10,1    5,28    7,56    4,07    6,43    4,35    6,31    9,97   10,32    8,67    9,76    8,99   10,38    9,08   10,46    9,81   10,55    7,75    9,07    5,26    7,34
  28 810  23 285  26 041  24 557  27 572  21 267  24 542  22 318  25 442  21 807  25 680  21 162  26 240  21 361  26 221  21 021  26 902  21 739  27 474  21 317  26 266  21 058  26 863  21 025  25 127  19 686  26 088  21 036  26 233  20 499
   4 804   3 633   4 390   3 483   3 636   2 921   2 654   2 751   2 004   2 203   1 357   1 599   1 068   1 373   1 140   1 326   2 681   2 243   2 382   2 080   2 362   2 185   2 439   2 199   2 465   2 076   2 022   1 907   1 379   1 504
   19,61   18,19   17,01   11,83    14,1    9,94    7,71   15,12    7,12   13,79    5,19    11,7    4,68   10,51    4,62   11,87   11,42   16,54   11,72    16,6   12,92   19,42   13,62   22,01    12,3   18,32    10,4   15,73    7,12   12,76
  13 787  10 587  14 144  11 973  13 715  11 293  15 363   8 824  13 445   8 838  13 447   8 590  13 900   8 748  13 974   8 671  14 417   9 019  14 682   9 040  14 361   8 996  14 814   9 133  16 437  10 970  16 259  10 838  16 356  10 553
   2 703   1 926   2 406   1 417   1 934   1 123   1 184   1 334     957   1 219     698   1 005     650     919     646   1 029   1 646   1 492   1 721   1 501   1 856   1 747   2 018   2 010   2 022   2 010   1 691   1 705   1 165   1 347
   19,23   14,58   18,75   15,34   14,97   15,28   12,19    13,5    9,39   12,04    6,62   10,98    5,47    8,24    5,93    9,08   10,36   12,11   10,61   11,92   11,52   13,27   12,53   14,46   13,37   14,63   11,48   12,38    9,04   11,26
  16 355  14 749  15 698  14 201  16 445  12 864  15 058  12 633  15 494  12 334  15 517  11 874  15 818  12 246  15 721  12 094  16 244  12 359  16 374  12 098  15 976  12 098  16 436  12 038  15 372  11 617  15 403  11 800  15 603  11 551
   3 145   2 151   2 944   2 178   2 462   1 966   1 835   1 706   1 455   1 485   1 028   1 304     865   1 009     932   1 098   1 683   1 497   1 738   1 442   1 840   1 606   2 059   1 741   2 056   1 700   1 768   1 461   1 410   1 301
   18,63   16,18   19,24   16,34   19,03   15,61   14,64   15,35   12,36   13,49    8,74   11,55    7,22    9,67    7,19    8,42   12,72   10,76   10,93   12,24   11,73   14,11   13,85   14,74   14,41   13,86   11,69   13,82    8,74   10,03
   4 960   3 962   4 511   3 898   4 535   3 689   4 570   3 518   4 539   3 463   4 599   3 412   4 694   3 476   4 645   3 446   4 796   3 503   4 858   3 373   4 679   3 360   4 781   3 371   4 545   3 384   4 609   3 460   4 655   3 411
     924     641     868     637     863     576     669     540     561     467     402     394     339     336     334     290     610     377     531     413     549     474     662     497     655     469     539     478     407     342
   21,76   19,99   19,15   13,59   14,44   12,21   10,93   12,83   10,55   10,98       8    7,92    7,06    7,22    8,53    8,65   14,16   11,87   14,21   11,33   14,34   12,88   14,11    13,9    13,9   13,18   11,44   10,81    8,92    8,49
   8 813   6 602   9 090   8 244   9 521   7 337   9 196   6 858   8 550   6 650   8 651   6 456   8 952   6 549   8 941   6 442   9 277   6 708   9 476   6 706   9 242   6 625   9 428   6 539  10 105   7 213  10 025   7 297  10 096   7 114
   1 918   1 320   1 741   1 120   1 375     896   1 005     880     902     730     692     511     632     473     763     557   1 314     796   1 347     760   1 325     853   1 330     909   1 405     951   1 147     789     901     604
    13,8    11,1   12,17    9,28    9,94   10,27    7,16    8,95    5,23    7,53    3,58    5,99    2,75    4,32     3,2    4,74    7,02    7,86    8,05     8,9    8,52   10,62    8,83   11,39    8,61   10,56    7,79     9,5    6,78    8,97
  44 610  35 940  41 799  38 318  41 459  32 067  39 711  33 188  39 783  32 602  40 438  31 523  41 832  32 290  42 198  31 834  43 338  33 065  43 312  32 189  41 831  32 179  43 443  32 461  42 986  32 802  42 686  33 529  43 328  32 769
   6 155   3 988   5 089   3 556   4 120   3 294   2 842   2 971   2 079   2 456   1 449   1 888   1 152   1 395   1 349   1 509   3 042   2 598   3 485   2 866   3 565   3 418   3 836   3 698   3 699   3 464   3 325   3 186   2 939   2 938
   11,14   11,78   10,89    10,2    9,85   11,77    8,48    8,88    6,84    7,99    5,02    6,11    3,77    4,98    3,86    5,03    8,64    8,19    8,89    9,02    9,71    9,41   10,03     9,6    9,54    8,89    8,91    8,88    7,95    8,06
  28 496  24 962  28 884  28 693  27 023  22 216  26 272  27 297  27 306  25 418  28 680  26 199  30 703  26 873  30 432  26 359  30 476  27 491  30 389  26 934  29 751  27 797  30 097  28 730  30 551  29 289  29 686  28 606  30 068  28 835
   3 174   2 941   3 146   2 926   2 663   2 614   2 229   2 423   1 867   2 032   1 441   1 600   1 156   1 337   1 174   1 327   2 634   2 251   2 701   2 430   2 888   2 616   3 019   2 758   2 915   2 605   2 646   2 540   2 391   2 323
    22,1   18,31   22,08   17,64   19,63   20,41   17,62   17,03   17,26   19,22   12,05   19,22   10,44   16,66    12,4   17,72   14,91   19,12    15,6   18,75    17,5   21,21   16,99   19,99   17,33   19,79   16,31   18,84   14,12    18,1
   4 267   3 593   4 266   4 013   4 233   3 508   3 917   3 717   3 951   3 476   4 025   3 585   4 148   3 668   4 200   3 680   4 238   3 881   4 288   3 872   4 160   3 942   4 214   4 067   4 328   3 962   4 279   3 842   4 327   3 850
     943     658     942     708     831     716     690     633     682     668     485     689     433     611     521     652     632     742     669     726     728     836     716     813     750     784     698     724     611     697
   20,95    23,7   22,89   24,64   22,11   22,62   15,87   20,78   12,88   17,68   10,57   16,68    8,11   14,27    8,94   14,44   17,31   19,68   16,13   20,43   17,08   20,05   17,73   20,87   14,59   17,59   11,94   15,12   11,17    14,1
  19 063  16 897  17 274  15 201  16 661  15 298  17 708  14 198  16 807  13 793  16 606  13 437  17 063  13 280  16 901  13 181  16 778  13 292  17 469  13 474  17 182  13 971  17 255  14 286  17 442  14 948  16 735  14 322  16 514  14 117
   3 994   4 004   3 954   3 746   3 683   3 461   2 811   2 950   2 164   2 438   1 755   2 241   1 384   1 895   1 511   1 903   2 904   2 616   2 818   2 753   2 934   2 801   3 060   2 981   2 544   2 630   1 998   2 166   1 845   1 990
   21,14   21,41   27,24   24,87   24,74    21,8   17,14   20,61   15,42   21,56   11,57   18,35    9,54   14,97   11,14   15,88   19,99   21,43   14,39   18,45   14,62   19,17   17,65      21   11,94   16,51   12,55   16,93   11,52   14,55
   9 925   8 133   8 855   7 679   8 752   7 740   8 948   7 296   8 659   6 896   8 692   7 048   8 875   7 046   8 708   7 042   8 755   7 018   9 252   7 167   8 801   7 261   8 695   7 335   9 123   7 739   8 687   7 399   8 687   7 387
   2 098   1 741   2 412   1 910   2 165   1 687   1 534   1 504   1 335   1 487   1 006   1 293     847   1 055     970   1 118   1 750   1 504   1 331   1 322   1 287   1 392   1 535   1 540   1 089   1 278   1 090   1 253   1 001   1 075
   23,06   19,42   27,56   21,64   26,63   20,05    20,2   19,63   18,31   18,94   15,33   18,09   12,78   15,11   13,25   14,72   23,36   21,28    20,9   18,71   21,62   19,07   22,34   19,84   17,36   15,58   17,56   16,21    12,3   12,04
   6 970   5 596   5 790   5 087   5 813   4 977   6 051   4 635   5 706   4 515   5 719   4 539   5 814   4 534   5 759   4 511   5 703   4 573   5 895   4 538   5 924   4 715   5 940   4 794   6 384   5 276   5 968   4 917   5 945   4 925
   1 607   1 087   1 596   1 101   1 548     998   1 222     910   1 045     855     877     821     743     685     763     664   1 332     973   1 232     849   1 281     899   1 327     951   1 108     822   1 048     797     731     593
   28,13   27,33    30,2   26,07    25,4   24,54   19,16   24,47   19,34   21,31   19,07   20,64   15,96   19,41    16,3   19,95   23,53   23,01   22,68   23,83   24,28   24,27   25,72   25,43   21,82   21,28   19,93   20,24   17,44   17,64
  20 317  16 659  18 226  17 117  19 931  16 852  20 963  15 762  18 813  16 395  18 201  15 817  18 232  15 172  18 110  15 125  17 652  15 221  18 295  15 116  17 890  15 572  18 035  15 922  18 407  16 687  18 381  16 751  18 207  16 725
   5 716   4 553   5 504   4 462   5 062   4 135   4 017   3 857   3 639   3 494   3 471   3 264   2 910   2 945   2 952   3 018   4 154   3 503   4 149   3 602   4 344   3 780   4 639   4 049   4 017   3 551   3 663   3 391   3 175   2 950
   26,48   25,72   25,09    21,7   27,42   25,07    22,2   27,33   19,49   22,55   17,83   21,28   14,41    19,2   16,24   19,51   23,74    23,4   21,69   22,54   23,34   24,56   27,82   26,94   26,77   24,24   24,08   22,97   20,78   20,97
   6 281   5 143   6 177   5 462   6 141   5 389   6 463   4 973   6 234   5 042   6 248   5 033   6 203   4 813   6 159   4 777   6 170   4 885   6 455   4 955   6 366   5 028   6 430   5 171   6 040   5 177   5 880   4 989   5 765   4 941
   1 663   1 323   1 550   1 185   1 684   1 351   1 435   1 359   1 215   1 137   1 114   1 071     894     924   1 000     932   1 465   1 143   1 400   1 117   1 486   1 235   1 789   1 393   1 617   1 255   1 416   1 146   1 198   1 036
   35,49   34,57   35,19   34,65   29,66   29,86   25,89   31,82   26,84   29,54   23,24   29,16   21,76   30,81   21,36    30,8   29,75   30,41   27,78   30,11   28,73   33,27   31,26   34,07   27,92   31,35   26,34   27,37   19,36   20,66
  10 982   9 596  10 792   9 814  12 124  10 722  12 516   9 229  11 435   9 550  11 278   9 248  11 167   9 005  11 146   8 965  10 788   9 284  11 453   9 272  11 255   9 334  11 184   9 521  10 385   9 430  10 228   9 050  10 088   8 940
   3 897   3 317   3 798   3 401   3 596   3 202   3 241   2 937   3 069   2 821   2 621   2 697   2 430   2 774   2 381   2 761   3 209   2 823   3 182   2 792   3 234   3 105   3 496   3 244   2 899   2 956   2 694   2 477   1 953   1 847
   37,66   32,83    41,1   32,99   32,14   28,82   26,24   32,03   28,74   29,82   27,61   29,18   25,36   29,02   25,22   28,72    34,4   32,04   33,96   33,26   34,25   34,98   35,92   35,22   31,97   30,43   30,28   29,34   27,08   27,81
  21 860  18 369  20 701  19 038  24 714  20 427  24 717  17 825  22 004  19 210  21 344  18 865  21 181  18 100  21 079  18 013  19 982  17 710  20 805  17 563  20 904  18 078  21 046  18 702  21 692  19 565  21 467  19 280  21 463  19 230
   8 232   6 031   8 509   6 281   7 942   5 887   6 485   5 709   6 325   5 728   5 893   5 504   5 371   5 253   5 316   5 174   6 873   5 674   7 066   5 842   7 159   6 323   7 560   6 586   6 935   5 953   6 500   5 657   5 812   5 348
   35,56    31,7   38,39   32,33    31,6   28,83   25,07   28,25    25,3   25,91    19,6   23,86   17,13   22,32   16,98   21,54   23,02   24,48   22,19   25,53   23,51   25,72   25,45   26,34   22,81   24,02   20,91   23,69   17,59   19,48
  12 369  10 246  11 294  10 258  12 854  10 928  13 010   9 665  11 825  10 097  11 706   9 964  11 621   9 655  11 516   9 622  10 898   9 210  10 651   8 970  10 358   9 126  10 332   9 295  12 031  10 256  11 894   9 947  11 979   9 985
   4 398   3 248   4 336   3 316   4 062   3 151   3 261   2 730   2 992   2 616   2 294   2 377   1 991   2 155   1 955   2 073   2 509   2 255   2 363   2 290   2 435   2 347   2 629   2 448   2 744   2 464   2 487   2 356   2 107   1 945
   14,24   14,37   14,33   13,24   14,11   14,73   12,17   11,77   10,47    12,3    7,89   10,68     5,6    8,25     5,7    7,64    9,04    9,79    8,56   10,03   10,07   11,89   11,13    12,3   10,05   10,75   10,25   10,87    8,81    9,87
  18 804  15 442  17 929  17 052  16 878  14 247  15 012  15 856  15 863  14 008  16 689  14 558  18 127  15 374  17 831  15 310  18 104  15 850  17 963  15 438  17 417  15 848  17 617  16 346  18 409  16 882  17 905  16 408  18 102  16 474
   2 677   2 219   2 570   2 257   2 381   2 098   1 827   1 866   1 661   1 723   1 317   1 555   1 016   1 268   1 016   1 169   1 636   1 552   1 537   1 549   1 754   1 885   1 960   2 010   1 850   1 814   1 836   1 784   1 595   1 626
   25,46   26,57   26,38   28,26   28,03   26,77   20,78   25,28   17,08   23,67   13,06   20,01   11,86   19,76   12,58    20,6   18,93   24,61   17,45   23,76   18,06   24,25   20,04   23,42   16,22   20,47   14,48   18,91   12,52   16,86
   7 277   6 405   7 071   6 207   7 007   6 444   7 184   5 862   6 967   5 572   7 001   5 652   6 921   5 399   6 914   5 426   6 945   5 535   7 136   5 605   6 953   5 728   7 007   5 833   7 473   6 058   7 195   5 845   7 186   5 776
   1 853   1 702   1 865   1 754   1 964   1 725   1 493   1 482   1 190   1 319     914   1 131     821   1 067     870   1 118   1 315   1 362   1 245   1 332   1 256   1 389   1 404   1 366   1 212   1 240   1 042   1 105     900     974
   20,42   22,43   17,76   19,72   21,54   22,64   17,17   19,42   13,36    19,6    9,48   17,28    7,78   15,27    7,66    13,4   13,26   16,23   12,42   16,79   12,74   16,71   13,81   17,07   12,76   16,76   11,55    15,4    8,99   13,04
  12 025  10 536  12 664  11 645  12 018  10 775  11 290  11 094  11 807  10 132  11 805  10 125  12 448  10 420  12 306  10 430  12 556  10 678  12 773  10 479  12 413  10 727  12 473  11 076  12 975  11 105  12 750  11 003  12 822  10 966
   2 456   2 363   2 249   2 296   2 589   2 439   1 938   2 155   1 578   1 986   1 119   1 750     968   1 591     943   1 398   1 665   1 733   1 586   1 759   1 581   1 792   1 722   1 891   1 656   1 861   1 473   1 695   1 153   1 430
   24,75   21,87   25,04   22,89   20,99   18,78   15,38   19,98   13,54   19,16   11,45    17,5   10,08   17,01   12,92   19,65   20,74   23,76   17,97   21,53   18,23    22,2   21,13   24,01   19,15   22,09   18,62   20,92   17,27   19,99
  20 223  17 889  19 622  16 832  20 120  16 954  20 110  15 427  19 866  15 066  19 655  14 757  20 420  14 958  20 741  15 066  20 790  14 943  22 269  15 518  21 922  15 777  21 577  15 910  22 130  16 253  22 366  16 461  22 270  16 670
   5 005   3 912   4 914   3 853   4 223   3 184   3 092   3 083   2 689   2 887   2 251   2 583   2 059   2 544   2 680   2 961   4 311   3 550   4 001   3 341   3 996   3 502   4 559   3 820   4 237   3 591   4 165   3 444   3 845   3 333
   24,59   22,09   22,67   19,49   19,39   17,78   14,15   15,68   11,05   13,15    8,79   11,54    7,95   11,48    9,56   12,33   16,26   15,93   15,41      16   16,35   17,02   18,33   18,73   16,23   18,79   16,12   16,96   14,51   15,42
  16 936  14 582  17 059  15 200  17 805  14 531  17 323  14 332  17 083  13 767  16 595  13 289  17 264  13 371  17 684  13 426  17 664  13 413  18 729  13 677  18 472  14 087  18 279  14 236  17 852  13 576  17 868  13 872  17 799  14 026
   4 165   3 221   3 868   2 963   3 453   2 584   2 451   2 247   1 888   1 811   1 458   1 533   1 372   1 535   1 690   1 656   2 872   2 137   2 887   2 188   3 020   2 397   3 351   2 666   2 897   2 551   2 881   2 352   2 582   2 163
   31,98   27,02   34,74   27,62   27,21   23,23   24,96   27,18    23,9   25,02   21,15   23,65   17,87   21,47   18,61   21,33   25,17    26,4   26,33   25,97    28,7   28,61   30,03    30,1   28,11   27,41   25,26   26,03   23,84   22,93
  18 235  15 358  16 076  14 513  18 706  14 798  18 603  12 824  17 353  12 972  16 816  12 467  17 094  12 378  17 210  12 465  16 791  12 037  17 625  12 271  17 660  12 651  17 823  12 912  18 391  13 936  18 893  14 219  18 752  14 463
   5 832   4 150   5 585   4 009   5 089   3 438   4 644   3 485   4 148   3 246   3 557   2 949   3 054   2 657   3 203   2 659   4 226   3 178   4 641   3 187   5 069   3 619   5 352   3 886   5 169   3 820   4 773   3 701   4 470   3 317
   25,99   23,04   25,18   20,44   20,52   18,18   15,38   19,32   14,84   19,82   12,65   19,63   10,75   16,95    9,77   16,83   15,16   19,16   17,01   20,27   16,99   20,42   21,03   22,44   21,34   21,07   15,51   17,64   14,81   15,96
   8 125   6 381   7 973   7 063   8 525   6 743   7 952   6 310   7 748   6 206   7 705   6 194   7 981   6 295   8 161   6 268   8 072   6 290   8 420   6 370   8 480   6 543   8 477   6 619   8 570   6 669   8 866   6 881   8 648   6 954
   2 112   1 470   2 008   1 444   1 749   1 226   1 223   1 219   1 150   1 230     975   1 216     858   1 067     797   1 055   1 224   1 205   1 432   1 291   1 441   1 336   1 783   1 485   1 829   1 405   1 375   1 214   1 281   1 110
   26,86   21,64   29,81   23,65   25,02   18,32   20,31   20,97   16,48   17,94   14,36   14,56   14,03   17,27   13,49   21,33   19,62   25,03   17,65   21,86    18,1    22,2   21,31   23,65   18,59   21,25   19,57   20,47   16,45   17,81
   3 314   2 851   3 183   2 571   3 302   2 768   3 308   2 475   3 282   2 397   3 203   2 308   3 271   2 281   3 291   2 288   3 506   2 289   3 530   2 507   3 480   2 567   3 417   2 571   3 099   2 287   3 224   2 359   3 221   2 364
     890     617     949     608     826     507     672     519     541     430     460     336     459     394     444     488     688     573     623     548     630     570     728     608     576     486     631     483     530     421
   20,32   18,84    20,5   16,17   15,22   16,62   13,08   13,73   11,29   12,57    7,59     9,7    5,93    8,01    6,47    8,42   10,66   11,06   10,37   11,02   12,14   12,55   12,64   12,59   13,74    14,1   10,76   11,31   10,02   10,13
  27 740  24 303  27 064  25 993  28 934  22 475  26 958  24 667  27 869  23 677  28 263  23 576  29 255  23 678  29 854  23 869  29 557  23 395  30 522  23 604  30 089  24 148  29 805  24 432  27 704  22 696  28 545  23 758  28 249  24 127
   5 636   4 578   5 549   4 202   4 403   3 736   3 527   3 388   3 146   2 977   2 145   2 287   1 736   1 896   1 931   2 009   3 152   2 587   3 164   2 601   3 654   3 031   3 767   3 077   3 806   3 200   3 072   2 687   2 831   2 444
   25,08   19,59   24,82   18,41   20,45   18,15   17,48   15,86   14,69   15,39   12,32   13,68   10,22   12,48   10,19   10,92   16,99   15,32   16,59   16,61   17,58   16,64   19,47   17,87   17,02   16,71   15,13   14,47   12,31   12,84
  41 392  36 453  40 488  37 399  43 970  34 062  41 151  35 634  41 802  34 492  41 314  33 753  42 997  34 454  43 702  34 860  42 755  33 574  44 810  33 832  44 152  34 816  43 899  35 471  45 562  35 155  46 746  36 745  46 105  36 989
  10 380   7 142  10 049   6 886   8 993   6 183   7 192   5 652   6 139   5 307   5 090   4 618   4 394   4 299   4 455   3 808   7 264   5 144   7 434   5 619   7 760   5 794   8 546   6 337   7 755   5 874   7 075   5 316   5 674   4 748
   29,41   25,35   30,35   26,88    25,9   23,57   19,58   26,14   18,67   24,31   16,27   23,24    14,2   22,14   15,13   22,13   23,17   28,51      23   29,59   24,46   29,96   26,84   30,61   21,32   27,01   19,34   25,39   16,46   21,76
  14 428  12 652  13 237  11 263  14 357  11 920  14 163  10 206  13 347  10 186  12 966   9 702  13 280   9 683  13 420   9 725  13 256   9 500  13 995   9 783  13 998   9 998  13 932  10 285  15 674  11 088  15 824  11 331  15 664  11 404
   4 243   3 207   4 017   3 028   3 719   2 810   2 773   2 668   2 492   2 476   2 109   2 255   1 886   2 144   2 030   2 152   3 071   2 708   3 219   2 895   3 424   2 995   3 740   3 148   3 341   2 995   3 060   2 877   2 579   2 481
   27,98   24,53   24,23   19,77      19   17,97   17,84   19,09   12,72   17,89   12,28   15,23    9,65   13,97   13,31   16,98   21,29    23,7   17,68   21,76   17,62   21,55   20,21   22,25   19,05   22,62   17,79   20,74   15,44   18,84
   9 921   8 770   9 849   8 756  10 477   8 498  10 101   8 020  10 085   7 830   9 948   7 774  10 263   7 724  10 452   7 728  10 386   7 633  11 393   8 167  11 085   8 386  10 817   8 382  10 595   7 966  10 615   8 065  10 527   8 127
   2 776   2 151   2 386   1 731   1 991   1 527   1 802   1 531   1 283   1 401   1 222   1 184     990   1 079   1 391   1 312   2 211   1 809   2 014   1 777   1 953   1 807   2 186   1 865   2 018   1 802   1 888   1 673   1 625   1 531
   18,38   17,49   17,03   16,76   13,91   13,22   11,16   13,55     9,3   12,88    7,53   11,72    6,68    9,65    6,88   11,38   11,69   14,68   12,28   15,59   12,45   17,53   15,47   18,45   13,06   16,21   11,21   15,81   10,16    13,2
  12 261  10 736  12 457  11 053  12 103  10 161  11 590   9 702  12 181   9 061  12 384   9 044  13 108   9 305  13 337   9 315  13 490   9 406  13 953   9 614  13 877   9 884  13 700  10 109  14 411  10 181  14 211   9 963  14 081  10 107
   2 253   1 878   2 122   1 853   1 684   1 343   1 294   1 315   1 133   1 167     933   1 060     876     898     917   1 060   1 577   1 381   1 714   1 499   1 727   1 733   2 119   1 865   1 882   1 650   1 593   1 575   1 431   1 334
   26,08    23,8   18,95   17,25   16,74   13,44   17,83   22,29   12,18   16,33   10,79   16,78    9,68   16,51    9,92   16,73   16,49   19,87   15,84   18,96   15,79   21,24      20   23,17   15,09   21,49   16,23   18,96   13,45   16,92
   5 254   4 378   5 472   4 695   5 453   4 657   4 839   4 182   5 066   3 944   5 135   3 944   5 311   3 956   5 354   3 976   5 605   4 146   5 966   4 282   5 955   4 417   5 804   4 458   6 011   4 458   6 061   4 510   6 089   4 558
   1 370   1 042   1 037     810     913     626     863     932     617     644     554     662     514     653     531     665     924     824     945     812     940     938   1 161   1 033     907     958     984     855     819     771
   23,94    20,4   23,53   17,05   16,75   15,62   15,93   19,14    14,2   18,47   12,39   17,03   10,56   15,89    13,3   17,95   20,93   22,79    16,9   21,29    17,9   22,69   22,11   24,82   20,41   23,82   18,48   22,05   17,82   21,33
   8 555   7 265   8 513   7 931   9 218   7 210   8 587   7 106   8 478   6 989   8 445   6 966   8 703   6 999   8 800   7 032   8 947   7 070   9 710   7 398   9 484   7 580   9 341   7 724   9 479   7 459   9 638   7 565   9 596   7 659
   2 048   1 482   2 003   1 352   1 544   1 126   1 368   1 360   1 204   1 291   1 046   1 186     919   1 112   1 170   1 262   1 873   1 611   1 641   1 575   1 698   1 720   2 065   1 917   1 935   1 777   1 781   1 668   1 710   1 634
   31,39   25,78    31,9   24,38    25,9   18,58    18,5   18,96   17,58   19,34   14,36    19,3   11,93   17,93   14,01   18,91    20,8   22,13   19,31   20,19   22,28   23,71   23,57   24,61   22,22   24,63   20,03   22,87   16,42   19,59
  20 272  16 513  19 275  16 467  20 998  16 973  20 906  15 259  19 521  14 727  19 136  14 562  19 798  14 938  19 944  15 046  19 832  15 075  21 421  15 559  21 258  15 820  21 175  16 133  21 962  16 447  22 020  16 596  21 815  16 742
   6 363   4 257   6 148   4 014   5 439   3 153   3 868   2 893   3 432   2 848   2 747   2 811   2 361   2 679   2 795   2 845   4 125   3 336   4 137   3 141   4 737   3 751   4 990   3 970   4 879   4 051   4 411   3 796   3 583   3 279
   28,01   27,89   28,27   26,15   26,04   24,24   19,34   24,37   18,53   22,53   15,01   19,81   13,75   18,16   14,34   19,39   22,73    20,9   19,72   18,36   20,94   20,59   23,67   24,69   19,61   23,69   17,42   18,59   16,73   17,28
   7 740   6 418   7 668   6 584   7 853   6 517   8 171   6 118   7 916   5 966   7 509   5 694   7 731   5 778   7 609   5 767   7 689   5 814   8 372   6 214   8 131   6 082   8 131   5 828   8 257   5 813   7 980   5 881   8 014   5 850
   2 168   1 790   2 168   1 722   2 045   1 580   1 580   1 491   1 467   1 344   1 127   1 128   1 063   1 049   1 091   1 118   1 748   1 215   1 651   1 141   1 703   1 252   1 925   1 439   1 619   1 377   1 390   1 093   1 341   1 011
   16,56   14,21   16,13   13,86   12,92   14,69   11,63   10,43    8,72     9,8    7,15    8,54       5    6,83    5,09    7,11    7,69    8,55    7,61    8,59    9,36   10,34   10,71   11,92   10,54   12,58     9,1   10,62    7,94    9,47
  16 151  16 089  15 987  16 167  16 310  12 447  14 147  14 933  15 104  13 407  14 569  12 760  15 706  13 552  16 236  13 642  16 533  14 241  16 922  15 053  16 162  14 928  16 586  14 371  16 221  13 677  17 038  15 034  17 450  15 061
   2 674   2 287   2 579   2 241   2 107   1 828   1 646   1 557   1 317   1 314   1 041   1 090     786     926     827     970   1 272   1 218   1 288   1 293   1 512   1 543   1 777   1 713   1 710   1 720   1 550   1 596   1 386   1 426
   17,83   15,16    16,6   14,48   12,91   15,47   11,19   12,23    9,91   11,47    7,63    10,7     6,3    8,74    6,71    8,56    9,57   10,24    8,67    9,95   10,29   11,33   10,03   12,07    9,27   11,64    8,37   10,55    7,68    9,78
  19 803  19 903  19 568  19 417  19 753  15 283  18 730  17 960  18 917  16 911  18 094  15 915  19 081  16 496  19 464  16 547  20 991  16 990  20 753  18 174  19 792  18 083  20 133  17 327  19 653  16 486  20 078  17 586  20 607  17 644
   3 530   3 018   3 249   2 811   2 551   2 364   2 095   2 197   1 874   1 940   1 380   1 703   1 202   1 441   1 307   1 416   2 008   1 739   1 800   1 809   2 037   2 048   2 019   2 092   1 821   1 919   1 681   1 856   1 582   1 726
   20,65   18,57   16,93   15,47   12,37   15,59   10,15   12,11    9,24   10,59    6,84   10,01    5,45    7,97    5,34    6,71     9,3    9,13    8,73    8,44    9,85   10,33    9,82   10,56    9,49   11,33    7,61    9,64    6,07    8,01
   8 388   8 334   8 965   9 255   9 484   7 229   8 994   8 607   8 623   8 303   8 307   7 926   8 741   8 119   8 676   8 128   9 078   8 113   9 116   8 541   8 693   8 461   8 882   8 103   8 206   6 935   8 415   7 393   8 566   7 388
   1 732   1 548   1 518   1 432   1 173   1 127     913   1 042     797     879     568     793     476     647     463     545     844     741     796     721     856     874     872     856     779     786     640     713     520     592
   16,48   15,17   16,07   14,46   12,13   14,45   10,43   10,23       8    9,76    5,99    8,27    4,61    6,63    5,18    6,73    7,47    8,25    7,47    8,22    9,15    9,62    8,77   10,52    9,64   11,06    8,98    9,82    7,03    8,22
  14 749  14 797  15 305  14 939  15 210  11 929  13 285  14 017  14 089  12 524  13 606  11 831  14 440  12 416  14 756  12 652  15 941  13 182  15 889  13 909  15 151  13 830  15 560  13 241  13 701  11 084  14 160  11 986  14 564  11 944
   2 430   2 244   2 459   2 160   1 845   1 724   1 385   1 434   1 127   1 222     815     979     666     823     764     851   1 191   1 087   1 187   1 143   1 386   1 331   1 365   1 393   1 321   1 226   1 272   1 177   1 024     982
   29,95   29,29   28,68   25,92   25,61   24,31   20,81   24,37    19,6   24,03   16,86    22,7   13,89   20,02   15,15    20,3   21,38   22,15   20,42    22,4   21,92    24,1   23,56   26,01   18,35   21,04   18,08   20,67   16,45   19,27
  28 059  21 904  28 123  24 308  29 075  24 112  29 415  22 184  28 293  21 542  27 061  20 613  27 821  20 929  27 716  21 030  28 373  20 884  29 415  22 028  28 684  22 018  29 085  21 429  33 100  24 472  31 993  24 218  32 460  24 254
   8 403   6 416   8 066   6 301   7 446   5 861   6 120   5 407   5 546   5 176   4 562   4 680   3 864   4 189   4 198   4 270   6 066   4 626   6 006   4 935   6 287   5 306   6 853   5 573   6 073   5 150   5 785   5 005   5 341   4 674
   32,59   28,31   29,29   24,17   25,52   23,24   18,94   22,43   17,28   19,87   15,62   17,53   13,82   16,48   14,18   15,89   18,17   18,52   17,14   17,31   19,31    19,5   19,73   20,57   16,57   19,26   15,75   18,06   13,95   16,57
  27 545  24 223  27 911  25 382  30 411  24 495  30 100  23 106  27 690  22 925  26 135  21 789  26 153  21 153  26 113  21 136  26 903  21 086  27 716  22 518  26 827  22 466  27 163  21 571  28 786  22 428  27 798  22 343  28 054  22 241
   8 977   6 857   8 174   6 135   7 760   5 692   5 701   5 183   4 786   4 556   4 081   3 819   3 614   3 487   3 704   3 358   4 887   3 905   4 750   3 897   5 181   4 381   5 360   4 437   4 771   4 320   4 377   4 036   3 913   3 686
   36,28   27,26   37,65    27,6   30,78    27,3   25,01   26,33   23,78   23,75   20,07   22,16   18,07   22,72   20,83   22,83   28,57   26,73    27,6   25,86   28,46   29,04   28,71   29,45   23,63   26,33   23,77   24,87   20,46   22,96
  16 032  14 764  16 233  14 709  18 370  14 139  17 939  13 700  16 963  13 732  16 221  13 209  16 197  13 079  15 966  13 161  16 273  13 217  17 316  14 121  17 008  14 173  17 358  13 905  17 037  13 606  16 750  13 714  16 883  13 679
   5 817   4 024   6 111   4 059   5 655   3 860   4 487   3 607   4 034   3 261   3 255   2 927   2 926   2 971   3 326   3 005   4 650   3 533   4 780   3 652   4 841   4 116   4 983   4 095   4 026   3 583   3 982   3 411   3 455   3 141
   34,66   26,65    34,5   29,27    31,7   26,14   21,35   30,46   21,74   23,43   18,94    19,5   16,23   17,07   15,84   16,43   20,83   20,44   20,83   19,68   22,73   21,81   25,49   27,41   19,78   23,46   20,49   21,48   17,37   19,81
   6 039   5 332   5 759   4 854   6 177   5 099   7 406   4 436   6 339   5 045   6 092   4 847   6 094   4 611   6 024   4 620   5 771   4 407   5 632   4 197   5 459   4 173   5 500   4 017   6 142   4 442   5 915   4 409   5 986   4 351
   2 093   1 421   1 987   1 421   1 958   1 333   1 581   1 351   1 378   1 182   1 154     945     989     787     954     759   1 202     901   1 173     826   1 241     910   1 402   1 101   1 215   1 042   1 212     947   1 040     862
   27,05   24,28   27,23   21,14    22,5   21,32   17,26   20,64   15,66   18,53    11,6   14,63    9,32   12,59   10,34   12,81   16,38   15,83    16,6   15,89   19,21   18,36   19,32    18,9   15,35   16,65   14,66   15,71   13,17   15,31
  23 234  19 342  23 237  20 877  24 212  19 203  24 346  18 636  22 609  18 295  21 535  17 381  22 263  17 671  22 233  17 569  23 012  17 655  23 715  18 898  23 379  18 975  24 042  18 411  25 758  19 496  24 746  19 243  24 879  19 126
   6 284   4 697   6 327   4 414   5 447   4 094   4 201   3 847   3 540   3 390   2 498   2 542   2 075   2 224   2 298   2 251   3 769   2 794   3 936   3 002   4 490   3 484   4 646   3 479   3 953   3 246   3 628   3 023   3 277   2 929
   33,22   30,21   34,15   28,42   28,58   26,47   22,51   27,66   22,82   26,04   20,03   24,15   16,48   21,36    17,3   23,07   23,98   26,91   23,64   25,44   26,16   27,79    24,9   29,46   20,28   25,19   18,54   21,88   16,66   20,69
  26 999  21 400  26 310  23 185  28 998  23 341  30 067  20 619  27 438  21 322  26 188  20 481  26 280  20 047  26 114  20 004  25 650  19 267  26 904  20 790  26 398  20 764  26 930  20 211  29 446  22 465  27 970  22 024  28 195  21 740
   8 970   6 464   8 985   6 589   8 289   6 178   6 768   5 703
    3,69    4,57
  10 781   9 730
     398     445
    4,26    5,14
  29 489  29 059
   1 257   1 494
    4,41    5,26
  16 888  15 940
     745     839
    4,15    5,26
  25 935  24 867
   1 076   1 308
    3,52    4,28
  36 587  35 511
   1 287   1 521
     3,8    5,25
  20 076  16 842
     762     885
    4,64    5,09
  16 854  14 716
     782     749
    3,91    5,96
  19 217  16 307
     752     972
    3,95     7,3
  34 638  28 488
   1 369   2 079
    2,46    4,33
  27 399  21 949
     675     951
    2,89    4,18
  13 123  10 256
     379     429
    2,87    3,82
  17 683  14 398
     507     550
    6,22    8,94
  17 850  13 954
   1 110   1 247
    4,78    4,99
  13 734  10 719
     657     535
    2,76    4,43
  37 233  30 145
   1 027   1 335
    6,24    5,91
  10 529   8 599
     657     508
    4,31    5,53
  17 019  14 298
     734     791
    4,21    4,91
   7 556   6 194
     318     304
    4,03    5,64
  17 727  14 301
     715     806
    5,94    7,29
  12 782  10 155
     759     740
    5,65    7,37
  17 584  14 290
     993   1 053
    6,77    9,79
  38 121  31 186
   2 582   3 053
    3,84    5,17
  12 694  10 086
     488     521
    3,98    5,02
  30 930  25 787
   1 232   1 295
    7,42   11,11
  29 511  24 888
   2 189   2 766
    6,95   10,67
  30 545  25 119
   2 122   2 680
     4,4    6,19
  45 104  37 500
   1 986   2 322
    5,05    9,29
  39 184  32 040
   1 979   2 977
    3,44    7,73
  14 621  11 797
     503     912
    6,19    8,25
  21 158  16 862
   1 310   1 391
    4,46    7,22
  11 656   8 881
     520     641
    7,69   10,27
   8 621   6 104
     663     627
    5,65    9,29
  26 731  19 300
   1 509   1 793
    8,21     9,1
  11 263   8 604
     925     783
     6,6     9,6
   9 994   7 384
     660     709
    7,99    8,59
  20 681  16 377
   1 652   1 406
    4,21    5,33
  26 711  21 614
   1 124   1 152
    4,58    9,14
  16 545  10 895
     758     996
    8,58       9
  15 913  12 169
   1 366   1 095
    6,47    7,57
   4 695   3 568
     304     270
    6,76     6,8
  10 260   7 466
     694     508
    5,33    7,05
  44 440  34 704
   2 369   2 446
     5,7    6,83
  30 274  29 061
   1 727   1 984
   10,86   15,82
   4 319   3 880
     469     614
    7,85   12,15
  16 640  14 282
   1 307   1 735
    9,36   13,42
   8 802   7 422
     824     996
    8,79   10,46
   5 880   4 932
     517     516
   14,12   16,49
  18 027  16 680
   2 545   2 750
   17,19   17,87
   5 642   4 908
     970     877
   19,46   26,08
   9 963   8 961
   1 939   2 337
   23,17   26,14
  21 174  19 195
   4 905   5 017
    12,6    15,1
  11 917   9 872
   1 502   1 491
    7,14    8,64
  18 317  16 629
   1 308   1 436
   10,23   14,71
   7 165   5 753
     733     846
    6,65   10,86
  12 806  10 982
     852   1 193
   15,33   18,74
  22 399  16 810
   3 433   3 151
   12,49   14,59
  18 071  14 081
   2 257   2 054
   20,36   20,75
  18 705  14 460
   3 809   3 000
   13,82   14,51
   8 678   6 900
   1 199   1 001
   16,83   18,45
   3 215   2 369
     541     437
    8,26    8,45
  28 676  24 155
   2 368   2 040
   10,08   11,11
  46 223  37 032
   4 661   4 114
   15,09   19,57
  15 573  11 390
   2 350   2 229
   12,75   17,15
  10 579   8 146
   1 349   1 397
    8,43   11,62
  14 277  10 226
   1 204   1 188
   13,52   17,04
   6 116   4 553
     827     776
   16,37   20,79
   9 580   7 685
   1 568   1 598
   16,01   20,14
  21 893  16 762
   3 505   3 376
    13,4   17,17
   8 256   5 808
   1 106     997
     6,6    8,37
  17 867  14 951
   1 179   1 251
    6,48    8,31
  21 136  17 602
   1 369   1 463
    4,83    6,34
   8 755   7 324
     423     464
       6    6,83
  14 894  11 854
     894     810
   13,56   18,11
  32 955  24 048
   4 470   4 356
   12,49   15,41
  28 507  22 177
   3 560   3 418
   19,58   22,62
  16 881  13 438
   3 305   3 040
   15,51   17,75
   6 033   4 322
     936     767
      10   13,03
  25 306  19 259
   2 531   2 510
   15,28   19,38
  28 472  21 560

